573
573.2
573.4
573.6
573.8
574
574.1
574.2
574.3
574.4
574.5
574.6
574.7
574.8
574.9
575
575.2
575.4
575.6
575.8
576
576.2
576.4
576.6
576.8
577
577.2
577.4
577.5
577.6
577.7
577.8
577.9
578
578.1
578.2
578.3
578.35
578.4
578.45
578.5
578.55
578.6
578.65
578.7
578.75
578.8
578.85
578.9
578.95
579
579.05
579.1
579.15
579.2
579.25
579.3
579.35
579.4
579.45
579.5
579.55
579.6
579.65
579.7
579.75
579.8
579.85
579.9
579.95
580
580.1
580.2
580.3
580.4
580.5
580.6
580.7
580.8
580.9
581
581.1
581.2
581.3
581.4
581.5
581.6
581.7
581.8
581.9
582
582.2
582.4
582.6
582.8
583
